quaterValue: 0.014726510255593886
halfValue: 0.029342870305316064
threeQuatersValue: 0.043959230355038244