quaterValue: 0.06896714107535752
halfValue: 0.13788618595833027
threeQuatersValue: 0.20680523084130303